-819819.970343 -1031395.23888 0.005025 0
-819806.955815 -1031404.66659 0.01005 0
-819793.941287 -1031414.09431 0.015075 0
-819780.92676 -1031423.52202 0.0201 0
-819766.14839 -1031423.10218 0.0248 0
-819746.80298 -1031422.57789 0.0308 0
-819737.74877 -1031422.75504 0.0337 0
-819723.16189 -1031420.67325 0.0383 0
-819713.58647 -1031420.94666 0.0413 0
-819694.56362 -1031424.34838 0.0474 0
-819683.046695 -1031426.45372 0.05105 0
-819671.52977 -1031428.55907 0.0547 0
-819659.30116 -1031431.27881 0.05865 0
-819647.07255 -1031433.99856 0.0626 0
-819629.409575 -1031437.80579 0.06825 0
-819611.7466 -1031441.61302 0.0739 0
-819594.0826 -1031442.43018 0.0794 0
-819582.66295 -1031443.51869 0.083 0
-819564.42346 -1031437.5288 0.089 0
-819546.18397 -1031431.53891 0.095 0
-819530.4881 -1031426.38512 0.1002 0
-819509.522472 -1031427.55273 0.106775 0
-819493.345065 -1031428.45309 0.11185 0
-819477.167658 -1031429.35344 0.116925 0
-819460.99025 -1031430.25379 0.122 0
-819443.14227 -1031431.39828 0.1276 0
-819425.29429 -1031432.54277 0.1332 0
-819407.44631 -1031433.68726 0.1388 0
-819394.07185 -1031434.54435 0.143 0
-819383.472425 -1031433.72822 0.14635 0
-819372.873 -1031432.9121 0.1497 0
-819354.93969 -1031433.45584 0.1553 0
-819340.12855 -1031432.9121 0.1599 0
-819329.452325 -1031429.54774 0.1634 0
-819318.7761 -1031426.18339 0.1669 0
-819307.3114 -1031420.90262 0.1709 0
-819289.341225 -1031413.80016 0.17695 0
-819271.37105 -1031406.6977 0.183 0
-819257.41393 -1031402.77066 0.1875 0
-819244.61649 -1031398.1176 0.19175 0
-819231.81905 -1031393.46454 0.196 0
-819217.423145 -1031390.48368 0.20065 0
-819203.02724 -1031387.50282 0.2053 0
-819197.79357 -1031387.50282 0.2069 0
-819189.94154 -1031388.9569 0.2094 0
-819183.97981 -1031390.99261 0.2114 0
-819170.38314 -1031398.19133 0.2162 0
-819156.78647 -1031405.39005 0.221 0
-819150.88209 -1031407.75139 0.223 0
-819134.20369 -1031414.42224 0.2286 0
-819117.52529 -1031421.09309 0.2342 0
-819107.58225 -1031423.6705 0.2375 0
-819101.82122 -1031425.16451 0.2393 0
-819088.73348 -1031426.61859 0.2434 0
-819070.151977 -1031426.70188 0.249233333333 0
-819051.570473 -1031426.78516 0.255066666667 0
-819032.98897 -1031426.86845 0.2609 0
-819024.1713 -1031426.90941 0.2637 0
-819004.6682 -1031425.57002 0.2698 0
-818990.674215 -1031426.24996 0.2742 0
-818976.68023 -1031426.92989 0.2786 0
-818963.36311 -1031426.38614 0.2827 0
-818945.621285 -1031419.13366 0.2887 0
-818927.87946 -1031411.88118 0.2947 0
-818912.741155 -1031408.66378 0.29955 0
-818897.60285 -1031405.44637 0.3044 0
-818882.11383 -1031399.18973 0.3097 0
-818866.3514 -1031390.48778 0.3153 0
-818849.77591 -1031379.33744 0.3216 0
-818838.41719 -1031368.65559 0.32645 0
-818827.05847 -1031357.97373 0.3313 0
-818815.62449 -1031355.03382 0.335 0
-818799.2858 -1031348.45206 0.340525 0
-818782.94711 -1031341.8703 0.34605 0
-818766.60842 -1031335.28854 0.351575 0
-818750.26973 -1031328.70678 0.3571 0
-818739.45425 -1031324.97635 0.3607 0
-818726.367015 -1031318.9409 0.3652 0
-818713.27978 -1031312.90544 0.3697 0
-818703.10122 -1031309.34294 0.37305 0
-818692.92266 -1031305.78045 0.3764 0
-818684.48797 -1031301.12842 0.3795 0
-818680.26909 -1031296.91056 0.3813 0
-818674.0186 -1031284.9871 0.3855 0
-818672.12829 -1031278.58915 0.3876 0
-818671.39921 -1031272.1912 0.3897 0
-818669.573622 -1031254.62141 0.39522 0
-818667.748034 -1031237.05162 0.40074 0
-818665.922446 -1031219.48182 0.40626 0
-818664.096858 -1031201.91203 0.41178 0
-818662.27127 -1031184.34224 0.4173 0
-818660.91242 -1031165.98448 0.42305 0
-818659.55357 -1031147.62672 0.4288 0
-818655.47703 -1031129.95043 0.4345 0
-818648.95517 -1031115.80797 0.4394 0
-818640.124195 -1031103.43396 0.44415 0
-818631.29322 -1031091.05994 0.4489 0
-818624.500005 -1031081.13328 0.4527 0
-818617.70679 -1031071.20662 0.4565 0
-818609.82404 -1031054.75299 0.4622 0
-818607.51594 -1031047.1375 0.4647 0
-818605.91543 -1031039.31722 0.4672 0
-818604.93341 -1031024.97302 0.4717 0
-818606.15607 -1031013.82269 0.4752 0
-818609.74519 -1031002.01494 0.479 0
-818614.10794 -1030988.05526 0.4836 0
-818618.47069 -1030974.09558 0.4882 0
-818625.37757 -1030956.64611 0.4941 0
-818632.28445 -1030939.19664 0.5 0
-818635.991845 -1030928.72675 0.50345 0
-818639.69924 -1030918.25686 0.5069 0
-818645.079845 -1030900.80739 0.5126 0
-818650.46045 -1030883.35792 0.5183 0
-818655.768355 -1030871.14365 0.5225 0
-818661.07626 -1030858.92938 0.5267 0
-818668.055845 -1030844.9697 0.5316 0
-818675.03543 -1030831.01002 0.5365 0
-818678.57642 -1030825.69853 0.5385 0
-818687.54052 -1030812.25136 0.5435 0
-818696.916262 -1030798.12195 0.548825 0
-818706.292005 -1030783.99254 0.55415 0
-818715.667747 -1030769.86314 0.559475 0
-818725.04349 -1030755.73373 0.5648 0
-818740.10039 -1030745.53059 0.5705 0
-818755.15729 -1030735.32746 0.5762 0
-818769.609 -1030724.45872 0.5818 0
-818780.659667 -1030716.84391 0.586 0
-818791.710333 -1030709.22911 0.5902 0
-818802.761 -1030701.6143 0.5944 0
-818813.90263 -1030697.3985 0.59815 0
-818825.04426 -1030693.18269 0.6019 0
-818842.318115 -1030687.03613 0.60765 0
-818859.59197 -1030680.88957 0.6134 0
-818871.51338 -1030677.54518 0.61725 0
-818881.29565 -1030674.96163 0.6204 0
-818891.2689 -1030670.54615 0.6238 0
-818901.24215 -1030666.13066 0.6272 0
-818914.10461 -1030660.03786 0.6317 0
-818923.09226 -1030655.30288 0.6349 0
-818933.72343 -1030647.64438 0.639 0
-818945.889917 -1030633.49099 0.644833333333 0
-818958.056403 -1030619.33761 0.650666666667 0
-818970.22289 -1030605.18422 0.6565 0
-818984.24063 -1030591.02087 0.66274 0
-818998.25837 -1030576.85752 0.66898 0
-819012.27611 -1030562.69416 0.67522 0
-819026.29385 -1030548.53081 0.68146 0
-819040.31159 -1030534.36746 0.6877 0
-819047.291175 -1030524.77053 0.69145 0
-819054.27076 -1030515.1736 0.6952 0
-819061.468965 -1030501.86825 0.6999 0
-819068.66717 -1030488.56291 0.7046 0
-819076.51818 -1030477.3665 0.7089 0
-819085.606695 -1030467.11472 0.7132 0
-819094.69521 -1030456.86294 0.7175 0
-819107.71025 -1030443.77571 0.72325 0
-819120.72529 -1030430.68848 0.729 0
-819134.771906 -1030418.41584 0.73486 0
-819148.818522 -1030406.1432 0.74072 0
-819162.865138 -1030393.87056 0.74658 0
-819176.911754 -1030381.59792 0.75244 0
-819190.95837 -1030369.32528 0.7583 0
-819204.55453 -1030358.05565 0.763825 0
-819218.15069 -1030346.78601 0.76935 0
-819231.74685 -1030335.51638 0.774875 0
-819245.34301 -1030324.24675 0.7804 0
-819259.775267 -1030313.95888 0.78595 0
-819274.207525 -1030303.67101 0.7915 0
-819288.639782 -1030293.38313 0.79705 0
-819303.07204 -1030283.09526 0.8026 0
-819316.876923 -1030269.95051 0.808566666667 0
-819330.681807 -1030256.80577 0.814533333333 0
-819344.48669 -1030243.66102 0.8205 0
-819353.56548 -1030230.90301 0.8254 0
-819358.84676 -1030222.03773 0.8286 0
-819364.12804 -1030213.17245 0.8318 0
-819371.259175 -1030200.28899 0.83645 0
-819378.39031 -1030187.40553 0.8411 0
-819384.14997 -1030172.3087 0.846166666667 0
-819389.90963 -1030157.21187 0.851233333333 0
-819395.66929 -1030142.11504 0.8563 0
-819401.690067 -1030128.90783 0.860833333333 0
-819407.710843 -1030115.70062 0.865366666667 0
-819413.73162 -1030102.49341 0.8699 0
-819418.09386 -1030092.89545 0.8732 0
-819424.4913 -1030083.29852 0.8768 0
-819430.88874 -1030073.7016 0.8804 0
-819441.79537 -1030061.0511 0.8856 0
-819459.24535 -1030054.07049 0.8916 0
-819476.69431 -1030046.07305 0.8976 0
-819488.21636 -1030038.79958 0.9019 0
-819499.886887 -1030031.43292 0.9062 0
-819511.557413 -1030024.06627 0.9105 0
-819523.22794 -1030016.69961 0.9148 0
-819537.76874 -1030009.1384 0.92 0
-819545.59722 -1030005.63325 0.9227 0
-819562.77892 -1029997.94198 0.9285 0
-819571.35799 -1029992.99811 0.9316 0
-819578.7738 -1029987.47158 0.9345 0
-819587.426085 -1029979.91037 0.9381 0
-819596.07837 -1029972.34915 0.9417 0
-819602.18551 -1029965.9512 0.9445 0
-819608.438565 -1029957.80784 0.9477 0
-819614.69162 -1029949.66448 0.9509 0
-819628.14135 -1029935.26857 0.9571 0
-819641.59108 -1029920.87267 0.9633 0
-819650.31607 -1029909.16733 0.96785 0
-819659.04106 -1029897.46198 0.9724 0
-819665.51223 -1029886.26506 0.97645 0
-819671.9834 -1029875.06813 0.9805 0
-819682.74461 -1029861.39875 0.986 0
-819689.129765 -1029853.04956 0.9893 0
-819695.51492 -1029844.70038 0.9926 0
-819699.96932 -1029839.07043 0.9948 0
-819713.69095 -1029829.72723 1.0 0
-818921.65559 -1031403.06147 0.0898 1
-818911.62244 -1031391.71965 0.2157 1
-818899.40714 -1031380.81405 0.3519 1
-818883.12145 -1031369.47222 0.517 1
-818874.39594 -1031364.96355 0.5987 1
-818862.76228 -1031360.74672 0.7016 1
-818844.78596 -1031358.25533 0.8525 1
-818827.05847 -1031357.97373 1.0 1
-818502.79504 -1031153.24336 0.06595 2
-818512.02896 -1031147.13622 0.1319 2
-818518.28151 -1031141.02909 0.184 2
-818522.60791 -1031131.37226 0.247 2
-818526.93431 -1031121.71542 0.31 2
-818529.91415 -1031114.27299 0.3578 2
-818537.33047 -1031102.49443 0.4407 2
-818544.74679 -1031090.71587 0.5236 2
-818554.05188 -1031082.04925 0.59935 2
-818563.35697 -1031073.38262 0.6751 2
-818570.42154 -1031066.85565 0.7324 2
-818580.61239 -1031058.69693 0.81015 2
-818590.80324 -1031050.53821 0.8879 2
-818605.91543 -1031039.31722 1.0 2
-818538.2024 -1031157.09616 0.2631 3
-818532.38608 -1031145.09949 0.5262 3
-818529.660195 -1031133.40746 0.7631 3
-818526.93431 -1031121.71542 1.0 3
